100
1 3 2 197
10 30 1 5
1 7 2 123456
1 3 2 9123
1 3 2 348907
1 3 2 594323
1 3 2 100000
1 3 2 999999
1 3 2 1
10 3 2 1
10 3 6 1
1 1 1 999999
3 1 1 999998
3 2 1 999998
12 15 1 123455
12 15 37 123455
222 629 2 123456
222 629 1 1297
999 999 999 17
999 999 1 17
916 805 487 336323
705 314 826 895880
529 740 157 596989
984 119 854 120732
810 483 60 248937
653 777 913 986285
571 755 419 906017
766 656 730 277889
244 624 333 163502
2 730 21 692918
109 536 907 422669
59 811 845 405486
976 561 331 732115
285 679 88 270298
978 788 500 150159
484 77 286 541401
178 70 407 842722
945 451 538 892827
984 380 919 774177
438 798 263 629673
559 228 289 706175
813 769 3 377904
2 16 349 407913
100 82 719 818683
466 611 986 957928
131 834 660 208132
294 67 221 322230
659 291 30 987689
504 183 2 375767
728 482 405 144202
799 129 833 469417
152 180 351 457658
319 491 586 973296
106 226 55 219228
330 763 113 139464
903 422 225 228012
802 96 306 327699
436 702 618 577987
555 212 317 442187
198 54 68 122809
485 697 610 215400
123 367 703 808406
400 998 262 154470
879 212 705 359822
718 322 548 872959
572 425 231 857961
821 5 61 283594
744 900 969 239962
521 643 776 125870
467 486 449 439480
149 554 257 856096
781 497 788 642399
251 696 557 703980
316 568 375 389733
399 960 564 369806
227 835 666 251509
887 603 246 672333
924 266 112 113979
413 841 862 76119
687 911 381 656963
451 199 289 323102
72 319 774 95510
733 360 895 71391
628 479 676 740317
354 631 433 887812
947 992 392 687146
419 984 801 908536
439 836 680 831728
370 340 812 899927
324 169 608 736172
620 755 555 365378
198 315 42 906705
311 465 788 710436
605 731 926 459951
988 179 581 678841
787 564 937 421575
997 281 674 272029
676 10 274 551261
407 283 433 797737
644 707 408 885686